1 0 27 0
2 0 28 0
3 0 14 0
4 0 46 0
6 0 38 0
7 0 38 0
8 0 23 0
10 0 24 0
11 15 72 3
12 15 73 3
13 24 82 8
14 24 79 8
15 25 82 10
16 25 82 10
17 28 84 1
18 28 86 1
19 29 84 2
20 29 82 2
21 49 86 0
22 60 80 0
25 39 93 7
26 39 95 7
28 69 93 0
29 47 103 4
30 47 102 4
31 73 130 11
32 73 125 11
33 74 131 12
34 74 131 12
35 80 136 14
36 80 133 14
38 81 139 22
39 83 135 13
40 83 141 13
41 83 132 15
42 83 131 15
43 83 138 16
44 83 140 16
45 83 139 20
46 83 140 20
47 85 133 17
48 85 142 17
49 85 138 19
50 85 148 19
51 87 142 18
52 87 144 18
54 87 142 21
55 94 149 25
56 94 149 25
59 96 148 26
60 96 149 26
63 100 118 0
65 103 149 30
66 103 149 30
67 104 149 29
68 104 149 29
70 106 149 0
71 126 149 32
72 126 127 32
73 131 149 31
74 131 149 31
75 132 149 33
76 132 149 33
77 132 149 34
78 132 149 34
79 132 149 42
80 132 149 42
81 133 149 41
82 133 149 41
83 134 149 36
84 134 149 36
85 134 149 47
86 134 149 47
87 136 149 39
88 136 149 39
89 137 149 35
90 137 149 35
91 139 149 43
92 139 149 43
93 139 149 49
94 139 149 49
97 140 149 38
98 140 149 38
99 140 149 45
100 140 149 45
101 141 149 44
102 141 149 44
103 141 149 46
104 141 149 46
105 142 149 40
106 142 149 40
107 143 149 48
108 143 149 48
109 143 149 51
110 143 149 51
111 143 149 54
112 143 149 54
113 145 149 52
114 145 149 52
117 149 149 50
118 149 149 50
119 149 149 59
120 149 149 59
142 132 134 0
143 129 130 0
144 132 149 0
145 136 138 0
