1 0 29 0
2 0 29 0
3 0 29 0
4 0 29 0
5 0 29 0
6 0 29 0
7 0 29 0
9 0 29 0
11 0 29 0
12 0 29 0
13 0 29 0
14 0 29 0
15 0 29 0
16 0 29 0
17 0 29 0
18 0 29 0
19 0 29 0
20 0 23 0
22 24 29 20
23 24 29 20
26 0 17 0
28 18 29 26
29 18 29 26
30 0 29 0
32 0 29 0
33 0 29 0
35 0 26 0
36 0 29 0
37 0 25 0
39 26 29 37
40 26 29 37
41 0 29 0
42 0 29 0
43 0 29 0
44 0 29 0
45 0 29 0
46 0 29 0
47 0 29 0
48 0 25 0
49 0 5 0
50 15 29 49
51 0 29 0
52 0 29 0
53 0 29 0
54 0 29 0
55 18 23 0
57 24 29 55
58 24 29 55
59 0 29 0
60 0 29 0
61 0 29 0
62 0 29 0
63 0 29 0
64 0 29 0
65 0 29 0
66 0 29 0
67 0 15 0
68 0 14 0
70 15 29 68
71 15 29 68
72 0 29 0
73 0 29 0
74 0 29 0
75 0 29 0
77 19 22 0
78 24 24 77
79 8 29 0
80 27 29 35
81 27 29 35
