2 0 32 0
4 52 91 54
5 0 43 0
6 46 48 0
7 48 91 5
8 51 91 5
9 0 83 0
12 0 91 0
13 0 91 0
14 0 91 0
15 0 91 0
16 0 91 0
17 0 91 0
19 0 91 0
20 0 62 0
21 75 79 0
22 82 82 0
24 83 91 22
25 83 91 22
27 35 91 0
28 0 91 0
29 0 91 0
30 0 12 0
31 0 88 0
32 0 91 0
33 0 84 0
34 16 91 0
35 18 91 0
36 0 91 0
37 0 91 0
38 0 91 0
39 0 3 0
40 0 1 0
41 2 2 0
42 4 5 0
43 6 6 0
44 6 6 0
45 7 7 0
46 10 10 0
48 17 17 0
49 19 19 0
50 20 20 0
51 22 23 0
52 33 91 0
53 38 91 0
54 48 48 64
55 0 83 0
56 0 91 0
58 0 15 0
59 53 79 0
60 17 21 58
61 25 91 60
62 25 89 60
63 36 41 2
64 46 46 63
66 87 91 59
67 48 91 63
68 85 91 0
